1001 26
1002 51
1003 67
1004 46
1005 44
1006 60
1007 51
1008 40
1009 4
1010 37
1011 25
1012 55
1013 49
1014 54
1015 17
1016 28
1017 40
1018 46
1019 40
1020 93
1021 81
1022 98
1023 96
1024 92
1025 87
1026 92
1027 90
1028 132
1029 156
1030 133
1031 78
1032 71
1033 59
1034 83
1035 62
1036 71
1037 71
1038 54
1039 63
1040 58
1041 111
1042 97
1043 92
1044 83
1045 88
1046 84
1047 86
1048 81
1049 66
1050 31
1051 139
1052 184
1053 140
1054 180
1055 164
1056 161
1057 157
1058 198
1059 147
1060 141
1061 168
1062 133
1063 175
1064 133
1065 60
1066 43
1067 59
1068 59
1069 57
1070 50
1071 56
1072 55
1073 55
1074 62
1075 140
1076 101
1077 52
1078 36
2001 89
2002 121
2003 66
2004 80
2005 69
2006 81
2007 109
2008 114
2009 95
2010 90
2011 124
2012 79
2013 66
2014 109
2015 72
2016 96
2017 89
2018 103
2019 107
2020 107
2021 113
2022 138
2023 76
2024 91
2025 62
2026 71
2027 87
2028 66
2029 68
2030 104
2031 97
2032 63
2033 84
2034 84
2035 87
2036 96
2037 102
2038 93
2039 88
2040 86
2041 19
2042 10
2043 141
2044 98
2045 77
2046 60
2047 74
2048 100
2049 108
2050 45
2051 50
2052 54
2053 60
2054 59
3001 1
3002 37
3003 40
3004 41
3005 24
3006 27
3007 9
3008 31
3009 33
3010 34
3011 91
3012 42
3013 69
3014 68
3015 69
3016 72
3017 70
3018 66
3019 75
3020 53
3021 47
3022 48
3023 56
3024 52
3025 56
3026 49
3027 55
3028 53
3029 49
3030 63
3031 33
3032 7
3033 5
3034 41
3035 12
4001 127
4002 134
4003 114
4004 114
4005 42
4006 140
4007 140
4008 88
4009 86
4010 3
4011 60
4012 97
4013 85
4014 59
4015 81
4016 65
4017 63
4018 13
4019 87
4020 69
4021 37
4022 118
4023 63
4024 88
4025 86
4026 78
4027 81
4028 80
4029 66
4030 21
4031 115
4032 96
4033 103
4034 98
4035 85
4036 89
4037 45
5001 1
5002 107
5003 81
5004 95
5005 98
5006 135
5007 118
5008 81
5009 79
5010 43
5011 65
5012 106
5013 17
5014 134
5015 75
5016 78
5017 40
5018 142
5019 65
5020 76
5021 52
5022 62
5023 63
5024 62
5025 82
5026 73
5027 50
5028 87
5029 47
5031 17
5032 101
5033 64
5034 34
5035 93
5036 97
5037 145
5038 121
5039 104
5040 84
5041 19
6001 96
6002 92
6003 89
6004 83
6005 77
6006 78
6007 72
6008 80
6009 79
6010 99
6011 73
6012 88
6013 101
6014 91
6015 95
6016 98
6017 83
6018 86
6019 95
6020 69
6021 67
6022 92
6023 82
6024 85
6025 92
6026 95
6027 99
6028 51
6029 59
6030 58
6031 96
6032 97
6033 87
6034 112
6035 120
6036 89
6037 57
6038 55
6039 103
6040 111
6041 104
6042 103
6043 104
6044 104
6045 55
6046 49
6047 34
6048 38
6049 44
6050 31
6051 28
6052 49
6053 49
6054 49
6055 75
6056 69
6057 80
6058 55
6059 49
6060 49
6061 23
6062 28
6063 44
6064 30
6065 26
6066 35
6067 21
6068 26
6069 26
6070 27
6071 15
6072 25
6073 41
6074 32
6075 34
6076 38
6077 49
6078 62
6079 64
6080 54
6081 72
6082 58
6083 47
6084 66
6085 75
6086 29
6087 29
7001 98
7002 95
7003 91
7004 109
7005 43
7006 139
7007 89
7008 149
7009 20
7010 32
7011 44
7012 69
7013 71
7014 87
7015 85
7016 118
7017 63
7018 59
7019 58
7020 100
7021 70
7022 50
7023 84
7024 161
7025 74
7026 67
7027 82
7028 86
7029 83
7030 87
7031 82
7032 54
7033 5
